accuracy: 0.7549295774647887
f1_macro: 0.6794940395959675
f1_weighted: 0.738609489543325
